,A,B,C,D,E,F,G,H
A,0,81,0,57,95,11,73,1
B,81,0,10,58,89,0,0,0
C,0,10,0,119,117,91,0,23
D,57,58,119,0,73,0,0,107
E,95,89,117,73,0,34,56,0
F,11,0,91,0,34,0,111,99
G,73,0,0,0,56,111,0,41
H,1,0,23,107,0,99,41,0
