,A,B,C,D,E,F,G,H
A,0,112,0,0,67,0,0,8
B,112,0,13,84,5,0,47,45
C,0,13,0,54,0,0,49,0
D,0,84,54,0,13,5,91,0
E,67,5,0,13,0,39,81,58
F,0,0,0,5,39,0,13,2
G,0,47,49,91,81,13,0,117
H,8,45,0,0,58,2,117,0
